# pelvis landmarks (0-based indices)
34451
19328
39281
23315
7719
20965
5563
36922
3899
11834
28010
9321
8440
8441
8442
8445
8446
8448
8453
8562
8563
8566
8567
8569
8570
8573
8691
8692
8694
8695
8696
8697
8699
8700
8702
8703
8709
8713
8805
8807
8810
8811
8812
8813
8815
8816
8819
8822
8823
8826
8830
8831
8835
8933
8934
8935
8937
8938
8939
8940
8941
8943
8944
8945
8949
8950
8952
8953
8954
8958
8959
8960
9055
9059
9060
9061
9064
9067
9069
9070
9079
9080
9081
9082
9083
9084
9085
9087
9164
9165
9166
9169
9170
9173
9177
9178
9181
9185
9186
9187
9188
9189
9190
9191
9193
9194
9195
9196
9198
9290
9293
9295
9296
9300
9303
9305
9306
9316
9317
9321
9322
9323
9324
9325
9327
9328
9329
9330
9403
9409
9410
9413
9415
9416
9418
9419
9420
9421
9422
9424
9426
9427
9428
9429
9430
9502
9511
9513
9514
9523
9524
9525
9526
9527
9528
9529
9530
9533
9534
9535
9536
9538
9539
9540
9543
9544
9632
9638
9639
9644
9646
9647
9648
9649
9650
9651
9653
9654
9655
9656
9739
9740
9749
9750
9751
9752
9753
9755
9756
9757
9760
9761
9762
9764
9765
9766
9767
9769
9770
9771
9838
9847
9848
9849
9850
9851
9852
9853
9854
9856
9857
9858
9859
9863
9931
9936
9938
9939
9940
9942
9943
9944
9945
9948
9949
9950
9952
9953
9954
9955
9957
10042
10043
10045
10046
10048
10050
10051
10052
10055
10132
10134
10136
10137
13985
14066
14127
14132
14135
14247
14268
14269
14272
14274
14276
14318
14320
14334
14335
14339
14340
14342
14344
14394
14396
14397
14398
14401
14443
14444
14445
14460
14461
14463
14464
14506
14530
14531
14532
14534
14535
14585
14586
14588
14589
14632
14633
14635
14636
14656
14657
14659
14660
14661
14696
14698
14719
14756
14757
14781
14782
14784
14785
14786
14787
14788
14828
14829
14831
14832
14856
14908
14909
14910
14911
14913
14914
14916
14917
14955
14956
14957
14959
14960
14987
14988
14989
14990
14991
15023
15026
15028
15053
15055
15056
15057
15091
15093
15095
15116
15117
15118
15119
15120
15121
15148
15150
15151
15152
15153
15173
15174
15175
15177
15178
15215
15218
15246
15247
15252
15288
15289
15292
15293
15316
15317
15318
15319
15320
15358
15359
15382
15384
15386
15387
15388
15389
15422
15424
15426
15443
15447
15448
15449
15450
15483
15487
15489
15490
15492
15518
15520
15522
15523
15524
15525
15554
15555
15556
15576
15578
15579
15580
15581
15617
15618
15619
15623
15625
15651
15652
15653
15654
15686
15688
15690
15691
15710
15711
15712
15715
15746
15747
15749
15751
15771
15772
15773
15774
15806
15808
15809
15810
15812
15814
15815
15816
15818
15844
15845
15846
15847
15850
15851
15852
15853
15889
15915
15917
15918
15919
15952
15954
15955
15957
15959
15960
15961
15962
15980
15982
15983
15984
15985
15986
15987
15988
15989
15990
16020
16021
16022
16023
16025
16028
16029
16044
16051
16052
16053
16054
16055
16056
16087
16088
16090
16091
16092
16093
16095
16118
16120
16123
16124
16125
16126
16128
16159
16160
16161
16163
16164
16165
16166
16169
16170
16195
16196
16197
16199
16200
16201
16202
16231
16232
16234
16236
16237
16238
16256
16257
16258
16259
16260
16261
16262
16304
16307
16308
16310
16311
16312
16313
16316
16335
16336
16340
16341
16343
16344
16345
16376
16381
16382
16385
16386
16388
16389
16390
16393
16404
16408
16409
16410
16411
16412
16414
16415
16453
16454
16456
16457
16461
16463
16464
16465
16466
16486
16489
16493
16494
16496
16499
16500
16503
16504
16505
16506
16507
16508
16509
16544
16545
16546
16547
16548
16550
16551
16552
16555
16556
16557
16558
16560
16561
16571
16575
16577
16579
16583
16584
16585
16586
16588
16589
16631
16633
16634
16635
16636
16638
16639
16640
16644
16645
16647
16649
16653
16655
16661
16662
16672
16673
16674
16678
16683
16684
16685
16686
16687
16690
16691
16692
16693
16694
16695
16696
16745
16746
16747
16748
16750
16751
16752
16753
16754
16756
16757
16758
16760
16761
16762
16763
16765
16767
16768
16770
16778
16779
16780
16783
16784
16785
16791
16792
16794
16795
16797
16798
16799
16800
16803
16804
16805
16807
16847
16848
16850
16851
16853
16854
16855
16856
16857
16858
16860
16862
16863
16864
16866
16867
16868
16869
16870
16871
16872
16873
16874
16875
16876
16877
16878
16879
16880
16881
16882
16883
16884
16885
16886
16887
16888
16889
16890
16951
16952
16954
16955
16956
16957
16958
16960
16961
16962
16963
16964
16965
16966
16967
16968
16969
16971
16972
16975
26060
29077
29081
29286
29288
29375
29379
29382
29383
29468
29469
29470
29535
29540
29541
29543
29545
29546
29598
29618
29620
29621
29624
29675
29691
29693
29694
29695
29739
29741
29763
29765
29767
29768
29814
29835
29836
29838
29880
29881
29906
29907
29908
29909
29910
29952
29953
29955
29976
29979
29980
29982
29983
30022
30023
30040
30042
30043
30083
30084
30086
30088
30090
30112
30114
30115
30116
30117
30119
30162
30182
30188
30220
30221
30222
30223
30250
30251
30252
30291
30313
30316
30317
30318
30319
30320
30352
30353
30354
30378
30380
30381
30382
30384
30385
30426
30427
30428
30451
30452
30453
30454
30455
30490
30491
30516
30517
30520
30521
30524
30558
30560
30561
30562
30589
30591
30592
30593
30594
30630
30631
30632
30633
30636
30660
30661
30662
30666
30695
30697
30698
30715
30716
30717
30719
30721
30723
30724
30764
30787
30789
30790
30791
30793
30795
30827
30829
30830
30831
30832
30834
30864
30865
30866
30867
30868
30871
30916
30917
30918
30919
30944
30947
30948
30950
30952
30953
30990
30991
30992
30994
30996
31016
31019
31020
31063
31064
31066
31067
31068
31069
31092
31093
31094
31096
31097
31098
31100
31101
31102
31103
31137
31139
31140
31141
31142
31143
31145
31146
31147
31168
31169
31170
31171
31173
31174
31217
31218
31220
31221
31222
31223
31244
31245
31249
31250
31252
31254
31255
31285
31286
31287
31288
31290
31291
31292
31293
31296
31297
31318
31322
31323
31324
31325
31327
31328
31373
31374
31378
31379
31380
31383
31406
31407
31410
31411
31412
31413
31452
31455
31456
31458
31459
31462
31463
31465
31485
31487
31488
31489
31495
31496
31497
31498
31499
31546
31547
31548
31551
31552
31553
31579
31580
31584
31586
31587
31588
31589
31590
31591
31592
31632
31633
31634
31635
31636
31637
31640
31641
31642
31647
31651
31652
31670
31671
31673
31675
31676
31678
31679
31680
31681
31682
31683
31724
31725
31726
31727
31728
31729
31730
31731
31732
31739
31740
31746
31752
31773
31779
31782
31783
31786
31787
31789
31790
31793
31797
31798
31799
31845
31846
31847
31848
31850
31851
31852
31853
31854
31857
31861
31863
31869
31870
31872
31874
31875
31876
31882
31885
31889
31891
31898
31899
31900
31902
31903
31904
31905
31907
31949
31950
31951
31952
31954
31955
31956
31958
31959
31960
31961
31962
31965
31966
31968
31969
31974
31978
31982
31983
31984
31992
31993
31995
31997
31998
32000
32001
32002
32003
32004
32005
32006
32007
32008
32009
32010
32065
32066
32069
32070
32072
32073
32074
32075
32076
32082
32083
32087
32088
32091
32095
32099
32100
32101
32102
32103
32105
32106
32107
32108
32109
32110
32111
32112
32115
32116
32170
32173
32174
32176
32177
32178
32181
32182
32183
32185
32186
32187
32188
32193
32194
32197
32198
32202
32203
32205
32206
32207
32208
32209
32210
32211
32213
32214
32215
32216
32217
32220
32221
32222
32223
32224
32276
32277
32278
32279
32280
32282
32283
32284
32285
32286
32288
32289
32290
2950
3098
3102
3238
3241
3245
3248
3256
3357
3365
3379
3393
3398
3401
3517
3520
3526
3527
3532
3535
3538
3550
3553
3555
3565
3572
3580
3601
3684
3690
3692
3694
3705
3710
3711
3725
3729
3733
3744
3753
3761
3780
3864
3866
3868
3869
3874
3883
3889
3898
3903
3908
3917
3933
3934
4010
4012
4014
4015
4018
4021
4033
4040
4049
4054
4061
4065
4071
4073
4097
4172
4177
4180
4182
4193
4194
4200
4208
4215
4264
4269
4356
4357
4359
4371
4376
4387
4398
4425
4442
4446
4447
4449
4453
4514
4515
4519
4520
4522
4524
4526
4528
4530
4533
4539
4545
4554
4561
4596
4601
4603
4678
4680
4681
4686
4687
4696
4704
4708
4716
4724
4743
4752
4756
4764
4847
4849
4850
4863
4867
4877
4900
4904
4916
4920
5006
5007
5009
5013
5026
5029
5035
5039
5066
5072
5073
5075
5080
5168
5169
5172
5173
5179
5181
5184
5192
5197
5234
5238
5245
5249
5256
5257
5354
5355
5356
5358
5359
5362
5366
5368
5375
5381
5388
5391
5407
5413
5439
5448
5541
5544
5548
5549
5554
5563
5586
5591
5625
5714
5721
5724
5727
5728
5736
5756
5876
5881
5886
5888
5895
5904
5905
5914
6045
6047
6050
6054
6055
6057
6059
6060
6073
6098
6219
6220
6228
6235
6375
6378
6380
6385
6388
6412
6550
6552
6578
6593
6725
6726
6729
6731
6735
6738
6891
6895
6909
6927
6928
7061
7071
7103
7236
7238
7239
7255
7256
7265
7267
7393
7429
7581
7588
7593
7727
7748
7755
7757
7905
7908
7909
7911
8047
8055
8057
8058
8203
8205
8207
8326
8328
8330
8456
8464
8466
8468
8583
8718
8722
8723
8724
8836
8839
8840
8957
8961
9086
9192
9197
9320
9326
9423
10742
1916
1931
1996
2014
2067
2071
2135
2145
2161
2225
2226
2228
2237
2240
2242
2249
2255
2266
2271
2318
2319
2321
2322
2325
2333
2338
2347
2356
2370
2429
2430
2432
2434
2439
2440
2449
2464
2472
2482
2536
2537
2540
2542
2548
2549
2553
2555
2557
2558
2568
2569
2570
2578
2581
2608
2609
2620
2667
2669
2670
2672
2673
2674
2675
2677
2678
2684
2690
2691
2696
2783
2784
2788
2794
2798
2808
2819
2822
2842
2848
2857
2863
2924
2928
2929
2931
2932
2933
2934
2939
2946
2951
2954
2956
2964
3025
3077
3079
3082
3083
3085
3090
3100
3109
3117
3144
3145
3151
3155
3212
3215
3217
3218
3219
3221
3223
3225
3233
3235
3243
3249
3253
3272
3289
3298
3376
3380
3383
3385
3403
3408
3430
3441
3449
3453
3546
3551
3554
3556
3561
3566
3568
3573
3574
3579
3583
3610
3611
3619
3623
3624
3628
3629
3709
3712
3713
3716
3724
3726
3727
3731
3737
3738
3746
3752
3778
3794
3795
3799
3805
3884
3887
3890
3896
3899
3920
3935
3939
4035
4041
4044
4046
4050
4055
4074
4076
4094
4095
4199
4201
4209
4210
4217
4218
4234
4373
4377
4378
4381
4388
4407
4408
4434
4541
4549
4557
4579
4588
4706
4709
4712
4714
4715
4719
4725
4751
4862
4868
4874
4878
4896
5030
5031
5040
5041
5048
5056
5067
5210
5212
5224
5240
5389
5393
5423
5426
5588
5599
5600
5606
5765
5783
5785
5942
5950
5951
5960
6108
6121
6123
6276
6283
6286
6289
6439
6448
6450
6624
6629
6643
6786
6793
6957
6965
6969
6973
6976
7123
7140
7293
7299
7302
7456
7624
10733
10734
11305
11311
11313
11387
11388
11389
11390
11456
11457
11458
11462
11534
11537
11538
11540
11543
11544
11547
11549
11600
11601
11602
11605
11607
11609
11610
11614
11679
11687
11690
11692
11751
11754
11756
11757
11762
11764
11765
11767
11831
11834
11838
11841
11925
11926
11929
11930
11932
11933
11935
11936
11938
11939
11943
11946
12009
12014
12019
12020
12021
12085
12086
12087
12093
12094
12095
12104
12105
12106
12107
12162
12163
12165
12166
12167
12168
12172
12221
12225
12229
12231
12232
12233
12234
12238
12293
12297
12298
12300
12303
12367
12370
12374
12448
12449
12452
12520
12522
12533
36143
37112
36488
33082
33425
33589
27603
26627
27240
34467
27545
27489
26255
26080
26188
36324
28910
26212
39531
36401
703
36449
26245
28760
926
32037
32375
28521
41371
41528
41528
41528
41557
41557
41557
41528
41557
41528
41557
41557
41557
8901
39800
9023
39539
39105
8916
1104
2521
2520
7216
5340
1754
1021
8552
1682
4161
5861
9247
6041
38486
40364
41177
41174
39451
40584
41112
41176
41226
41285
41466
41419
9288
7055
4672
3202
3673
5697
9288
7055
4672
3202
3673
5697
6839
39271
39207
38661
38573
41003
41470
36493
38203
40879
41076
41552
41491
40287
